195;
171;
148;
123;
99;
98;
98;
98;
98;
99;
98;
98;
97;
97;
97;
97;
97;
98;
98;
98;
98;
98;
98;
98;
98;
98;
98;
98;
98;
98;
98;
98;
98;
98;
98;
98;
98;
98;
98;
98;
98;
98;
98;
98;
98;
98;
99;
98;
98;
98;
98;
99;
99;
99;
99;
99;
98;
99;
99;
99;
98;
99;
99;
98;
99;
98;
98;
98;
97;
98;
98;
99;
99;
99;
99;
99;
99;
99;
98;
98;
98;
98;
98;
98;
98;
98;
98;
98;
99;
99;
99;
99;
99;
99;
98;
98;
98;
98;
99;
99;
98;
98;
98;
98;
98;
98;
98;
98;
98;
98;
98;
98;
98;
98;
98;
98;
99;
98;
98;
99;
98;
98;
98;
99;
99;
99;
99;
99;
99;
98;
99;
99;
99;
100;
99;
99;
100;
99;
99;
99;
99;
99;
98;
98;
98;
99;
99;
99;
98;
99;
99;
98;
98;
98;
98;
98;
98;
98;
98;
98;
98;
99;
99;
98;
98;
98;
98;
99;
99;
99;
99;
99;
99;
100;
100;
99;
99;
98;
97;
97;
98;
98;
99;
99;
99;
99;
98;
98;
98;
98;
99;
98;
98;
94;
90;
85;
81;
81;
81;
86;
95;
110;
124;
138;
151;
160;
170;
183;
192;
200;
204;
204;
203;
202;
201;
195;
187;
175;
160;
145;
127;
110;
92;
78;
65;
56;
51;
49;
53;
62;
74;
90;
105;
119;
131;
144;
158;
172;
188;
202;
215;
226;
234;
238;
240;
241;
241;
241;
240;
235;
224;
209;
190;
172;
159;
148;
142;
139;
135;
131;
126;
121;
115;
109;
103;
97;
92;
86;
81;
76;
70;
65;
59;
53;
45;
39;
35;
32;
32;
30;
29;
27;
24;
21;
15;
9;
4;
0;
0;
1;
0;
6;
14;
24;
37;
45;
51;
58;
65;
70;
73;
73;
70;
66;
61;
55;
49;
45;
43;
42;
42;
43;
44;
47;
51;
56;
62;
68;
74;
77;
77;
72;
64;
53;
40;
30;
24;
21;
23;
23;
25;
26;
31;
38;
45;
52;
56;
61;
68;
75;
83;
91;
98;
105;
109;
114;
118;
123;
129;
135;
141;
148;
154;
160;
167;
173;
179;
184;
189;
193;
196;
199;
201;
201;
202;
202;
201;
201;
198;
193;
184;
173;
164;
159;
157;
157;
156;
156;
154;
153;
152;
152;
152;
152;
152;
154;
155;
160;
166;
174;
182;
188;
194;
200;
209;
218;
226;
232;
235;
236;
237;
237;
237;
235;
234;
230;
223;
215;
206;
200;
196;
195;
195;
195;
195;
195;
195;
195;
195;
196;
196;
196;
196;
195;
195;
195;
195;
195;
196;
196;
195;
195;
195;
193;
188;
179;
169;
161;
155;
154;
154;
154;
153;
153;
153;
153;
154;
154;
154;
154;
154;
153;
153;
153;
153;
154;
154;
154;
153;
154;
154;
154;
155;
154;
154;
154;
154;
154;
155;
154;
155;
154;
154;
154;
154;
155;
155;
154;
154;
154;
153;
153;
154;
154;
154;
155;
154;
154;
154;
154;
153;
153;
153;
154;
154;
154;
154;
154;
154;
154;
154;
154;
154;
154;
154;
154;
154;
154;
154;
154;
154;
154;
154;
153;
154;
154;
154;
154;
154;
154;
154;
153;
153;
154;
154;
155;
155;
155;
154;
154;
154;
154;
154;
154;
154;
153;
153;
153;
153;
153;
153;
154;
154;
154;
154;
154;
154;
153;
154;
154;
154;
154;
154;
154;
154;
155;
154;
154;
155;
154;
154;
154;
154;
154;
153;
154;
154;
154;
154;
154;
154;
155;
155;
155;
154;
154;
154;
154;
154;
154;
154;
154;
154;
154;
154;
154;
154;
154;
154;
155;
155;
155;
156;
156;
155;
155;
154;
154;
154;
154;
154;
154;
154;
154;
153;
153;
153;
153;
153;
153;
153;
153;
153;
154;
154;
154;
154;
154;
154;
153;
154;
154;
154;
154;
154;
154;
153;
154;
154;
154;
154;
154;
154;
154;
154;
154;
154;
154;
154;
154;
154;
154;
154;
154;
154;
153;
154;
154;
154;
154;
154;
154;
154;
154;
154;
154;
154;
154;
154;
154;
153;
154;
154;
154;
154;
154;
154;
154;
154;
154;
154;
154;
154;
154;
154;
155;
166;
178;
191;
202;
204;
204;
203;
204;
204;
203;
202;
200;
194;
186;
174;
163;
153;
145;
139;
133;
128;
121;
114;
108;
102;
95;
89;
81;
75;
72;
76;
87;
98;
112;
122;
131;
140;
149;
160;
169;
179;
188;
197;
205;
214;
223;
229;
233;
234;
233;
233;
233;
233;
232;
229;
224;
217;
209;
203;
199;
197;
196;
196;
195;
195;
195;
196;
196;
196;
195;
195;
195;
195;
196;
196;
196;
195;
195;
195;
195;
196;
196;
196;
196;
196;
195;
196;
196;
196;
196;
196;
196;
196;
196;
196;
196;
196;
196;
195;
196;
196;
195;
195;
196;
195;
195;
196;
196;
196;
196;
196;
196;
197;
197;
197;
197;
196;
196;
195;
195;
